0
0
0
0
0
3
0
0
1
1
0
0
0
0
0
0
0
0
0
0
0
0
0
0
1
0
0
74
1
0
0
0
0
0
0
3
0
0
0
0
0
1
1
0
2
0
0
0
0
0
0
0
0
0
0
0
0
0
0
0
0
50
1
0
0
0
0
0
0
0
0
0
0
0
0
2
1
0
0
0
0
0
0
5
0
1
0
0
0
0
0
1
0
0
0
0
0
0
0
2
0
1
0
0
20
1
0
0
0
2
0
0
28
0
0
0
0
0
0
0
0
6
0
6
0
3
0
0
2
5
0
0
0
1
0
0
0
0
0
0
0
0
0
0
0
0
0
0
24
0
0
0
0
0
0
0
1
1
2339
0
0
0
0
0
182
2
3
0
0
4
2339
0
1
2
0
0
0
0
0
0
0
0
27
2339
0
2
2339
2339
0
1
0
0
0
0
27
2339
0
0
0
0
0
0
0
0
0
0
0
52
0
0
0
0
0
0
0
0
0
0
0
0
2339
0
0
7
0
1
18
0
0
0
0
2
33
0
0
0
322
0
0
0
0
0
0
0
4
0
0
0
0
0
0
0
0
0
0
0
0
0
0
0
0
0
0
0
0
0
0
0
0
0
27
0
92
1
0
0
0
0
1
0
1
3
0
0
0
1
0
0
0
0
0
0
1
1
0
1
0
1
0
0
0
0
0
0
1
0
0
2339
0
384
0
0
0
2
2339
0
0
0
0
0
0
2
27
2339
0
2339
2339
0
0
0
0
27
0
0
2339
0
0
0
0
0
43
0
0
0
0
0
0
0
0
2339
0
0
0
0
0
0
0
2
0
322
0
0
0
0
0
0
4
0
0
0
0
0
0
0
0
0
0
0
0
0
0
0
0
27
0
0
0
0
0
0
0
0
0
0
0
0
0
0
0
813
0
0
0
0
0
0
0
3
2
0
0
0
0
0
0
0
0
0
1
0
0
0
0
0
1
0
0
0
0
0
0
0
0
0
0
0
3
0
0
1
0
0
0
0
0
0
0
0
0
0
0
0
0
1
0
0
0
3
0
2541
0
0
0
0
0
0
0
1
0
0
0
9
0
0
0
0
0
2
0
3
0
471
0
0
0
0
0
0
0
0
2
0
0
0
1
2
0
0
0
0
0
0
0
2
17
0
0
0
0
0
0
0
0
0
0
0
2
0
0
0
0
1018
2
0
0
0
0
5
0
0
0
0
0
0
0
0
0
0
1
0
0
0
0
0
0
0
0
0
0
0
0
0
0
0
0
0
5
0
0
0
0
4
0
0
2
0
12
0
0
0
0
1
0
0
3
0
0
0
0
0
0
0
0
0
0
0
0
0
0
0
0
0
2
0
0
0
0
0
0
9
4
0
0
0
12
0
0
0
2
0
0
0
0
0
0
0
0
0
0
2
0
0
0
0
0
0
0
0
0
0
53
0
0
0
0
0
0
0
0
0
0
0
0
1
5
0
0
0
0
0
0
2
2
0
0
0
0
2
3
0
2
1790
0
0
0
0
4
0
0
2
0
0
0
0
2
0
1
0
0
0
0
0
1
7
0
0
0
0
0
0
0
0
0
0
0
0
0
0
0
0
0
0
0
0
0
0
0
2
0
0
0
0
0
0
0
0
0
0
2
0
9
0
0
0
0
0
2
0
0
0
0
0
0
0
0
0
12
0
0
3
19
0
0
0
0
0
39
0
0
0
0
0
3
0
0
0
0
0
0
9
0
0
0
0
0
2
0
0
0
0
0
0
171
0
0
0
0
0
0
0
0
0
0
3
0
0
0
0
5
0
3
0
0
2339
0
0
0
0
3
0
0
0
0
0
0
0
9
0
0
0
0
0
0
0
0
0
0
0
0
0
0
0
0
0
0
0
0
0
0
0
0
0
3
0
0
1
1
1
0
0
0
0
0
0
0
0
0
0
1
0
0
0
0
0
0
0
4
0
0
0
0
0
0
0
0
3
0
0
0
1
1
0
0
3
0
0
1
0
3
719
0
1
0
0
0
0
156
0
0
0
2
0
0
0
1
0
0
0
1122
0
0
0
0
2
0
0
0
0
1
0
8
0
0
0
0
0
0
0
1815
0
2
0
1
0
0
0
0
3
130
0
0
0
0
0
0
0
0
0
0
2
0
0
54
0
0
0
1
0
14
0
0
0
0
0
2
0
0
0
0
0
0
0
2
0
0
0
1
0
0
0
3
0
32
1
0
0
0
0
0
0
0
0
0
0
0
0
0
0
0
32
0
1
3
0
0
0
1
0
0
0
0
0
0
0
1
0
0
0
0
0
0
0
0
0
0
0
0
0
0
0
0
1
0
0
0
0
2
30
0
0
0
0
8
241
0
0
0
0
0
0
1
2
0
0
0
0
2
3
4
0
0
0
0
0
0
0
0
0
4
0
8
0
0
0
0
0
0
0
0
0
1
0
1
0
0
0
0
0
0
0
0
3
1
0
0
0
0
0
5
104
0
0
2
0
0
0
0
0
3
0
0
0
0
2339
0
0
0
0
0
0
0
0
3
0
0
0
0
0
3
0
0
17
2
75
0
0
0
0
0
0
1
0
0
120
0
0
0
0
0
0
1
0
1
0
0
0
2
0
31
0
0
0
12
0
0
1
1
1
0
0
0
0
0
0
1
0
0
1
0
0
0
0
0
0
0
1
0
0
0
0
0
3
0
0
0
1
0
4
0
0
0
0
397
0
0
0
0
0
0
4
0
0
2
0
0
0
0
0
0
0
0
0
0
0
0
0
0
0
0
0
1
0
0
0
0
0
0
0
0
18
0
0
0
0
0
0
0
0
0
0
1
0
0
0
0
1
0
0
2
0
6
0
0
0
0
0
0
0
0
0
0
0
0
0
2
0
0
0
0
0
0
0
0
3
16
2
1
1
2
1
0
0
4
0
0
0
0
0
1
0
0
0
2
0
0
0
0
0
0
3
0
0
0
0
1
0
0
0
0
0
0
0
0
0
0
0
0
0
0
0
0
0
0
0
0
0
1
1
0
2
0
0
2
0
0
0
3
0
0
0
5
3
0
1
0
2
2
0
0
0
26
0
0
0
0
0
1
0
0
